0,45
35,2357
0,6
0,317
115,2
0,263
0,262
0,261
0,278
0,319
0,10
0,8
0,9
59,4
59,3
59,2
59,1
59,0
0,4
0,11
0,7
14,6
0,259
35,2481
35,2478
35,16
35,2349
0,258
0,253
35,124
35,123
35,122
35,121
35,120
35,1373
35,1370
35,1369
35,1405
35,1392
35,1390
35,1389
35,1386
35,1385
35,1382
35,1366
35,1365
35,1363
35,1362
35,1359
35,1358
35,1355
35,1354
35,1347
35,1345
35,1342
35,1339
35,1338
35,1336
35,1333
35,1329
35,1320
35,1316
35,1315
35,1314
35,1310
35,1308
35,1307
35,1306
35,1302
35,1292
35,1283
35,1282
35,1281
35,2433
35,2489
35,2475
35,2474
35,2471
35,2470
35,2469
35,2462
35,2461
35,2460
35,2459
35,2457
35,2456
35,2454
35,2452
35,2449
35,2445
35,2438
35,2437
35,2444
35,2443
35,2441
35,2440
35,2434
35,2495
35,2494
35,2493
35,2492
35,2485
35,2484
35,2491
35,2490
35,2488
35,2487
35,2486
35,2483
35,2482
35,2480
35,2479
35,2477
35,2476
35,2473
35,2455
35,2447
35,2439
35,2436
35,2435
35,1341
35,1335
35,1312
35,1311
35,2432
35,1294
35,1293
35,1288
35,1287
35,1265
35,1263
35,2424
35,2423
35,1289
35,2419
35,2418
35,2415
35,2414
35,2398
35,2394
35,2390
35,2388
35,2372
35,2371
35,1246
35,1244
35,1243
35,2350
35,2346
35,2343
35,2337
35,2335
35,2333
35,2327
35,2326
35,2324
35,2316
35,2320
35,2317
35,2313
35,2310
35,2308
35,2306
35,2286
35,2284
35,2283
35,2264
35,2290
35,2289
35,2262
35,2257
35,2256
35,2227
35,2202
35,2201
35,2199
35,2196
35,2194
35,2193
35,2189
35,2187
35,2185
35,2182
35,2180
35,2178
35,1028
35,1026
35,1023
35,2171
35,2170
35,2168
35,2122
35,2120
35,2118
35,1422
35,1415
35,1398
35,1397
35,1396
35,1394
35,1350
35,1349
35,1348
35,526
35,1286
35,1334
35,1322
35,1321
35,1317
35,1266
35,1211
35,1210
35,1207
35,1205
35,1203
35,1202
35,1201
35,1200
35,1199
35,1198
35,1197
35,1196
35,1195
35,1194
35,1191
35,1185
35,1180
35,1179
35,1178
35,1177
35,1175
35,1174
35,1172
35,1171
35,1169
35,1166
35,1164
35,1163
35,1161
35,1159
35,1156
35,1155
35,1154
35,1153
35,561
35,560
35,558
35,557
35,552
35,551
35,1149
35,1132
35,1121
35,1120
35,1151
35,1144
35,1148
35,1147
35,1146
35,1145
35,1143
35,1142
35,1140
35,1139
35,1137
35,1135
35,1133
35,1131
35,1130
35,1129
35,1128
35,1127
35,1125
35,1124
35,1122
35,1119
35,1114
35,1113
35,1117
35,1116
35,1115
35,1109
35,1054
35,1038
35,1036
35,1035
35,1033
35,1031
35,1030
35,1025
35,1015
35,1005
35,1002
35,987
35,960
35,1019
35,525
35,958
35,945
35,942
35,897
35,894
35,889
35,887
35,824
35,822
35,820
35,818
35,794
35,792
35,791
35,786
35,780
35,778
35,777
35,775
35,773
35,772
35,781
35,769
35,743
35,733
35,727
35,751
35,749
35,748
35,741
35,739
35,738
35,736
35,732
35,731
35,730
35,726
35,672
35,670
35,668
35,643
35,640
35,602
35,578
35,547
35,519
35,430
35,416
35,412
35,394
35,467
35,464
35,462
35,256
35,254
35,251
35,243
35,238
35,235
35,234
35,229
35,228
35,227
35,429
35,413
35,156
35,155
35,131
35,130
35,259
35,258
35,318
35,317
35,312
35,311
35,308
35,307
35,339
35,378
35,377
35,376
35,375
35,370
35,369
35,364
35,363
35,360
35,359
35,356
35,355
35,350
35,349
35,346
35,345
35,341
35,340
35,333
35,332
35,337
35,336
35,335
35,334
35,265
35,264
35,261
35,260
35,209
35,208
35,144
35,143
35,69
35,68
35,216
35,215
35,172
35,171
35,166
35,165
35,148
35,147
35,253
35,252
35,249
35,248
35,247
35,246
35,245
35,244
35,241
35,240
35,237
35,236
35,232
35,231
35,224
35,223
35,220
35,219
35,212
35,211
35,203
35,202
35,207
35,206
35,201
35,200
35,159
35,152
35,149
35,191
35,188
35,187
35,146
35,145
35,142
35,141
35,140
35,139
35,138
35,137
35,136
35,135
35,134
35,133
35,129
35,128
35,127
35,126
35,125
35,117
35,116
35,115
35,114
35,113
35,112
35,109
35,104
35,94
35,93
35,87
35,86
35,101
35,100
35,107
35,106
35,103
35,102
35,84
35,83
35,99
35,98
35,97
35,96
35,95
35,92
35,91
35,90
35,89
35,88
35,67
35,66
35,65
35,35
35,34
35,33
35,32
35,31
35,26
35,25
35,24
35,23
35,63
35,1985
36,594
36,509
36,506
36,477
36,470
36,546
36,180
36,175
36,31
0,539
0,531
36,589
0,529
0,528
0,324
0,248
0,516
60,2
35,2472
35,79
0,251
0,250
34,102
34,97
34,96
34,95
34,94
34,93
34,91
34,90
34,89
34,88
34,87
34,86
34,78
34,469
34,467
34,466
34,465
34,464
34,461
34,459
34,458
34,457
34,456
34,537
34,536
34,535
34,534
34,533
34,532
34,531
34,530
34,529
34,528
34,527
34,525
34,515
34,514
34,513
34,511
34,510
34,509
34,508
36,45
0,423
31,4
32,3
36,616
36,615
35,1986
35,50
35,42
35,7
65,3
63,5
63,4
63,3
60,7
64,3
35,14
35,38
35,45
45,3
52,3
32,5
28,4
27,4
36,596
36,502
36,500
36,498
36,497
35,1989
35,10
30,4
29,4
28,3
28,5
0,513
0,512
0,407
0,406
0,405
0,404
0,403
0,401
0,400
0,399
0,397
35,1990
36,42
35,54
32,4
36,6
36,456
74,16
74,13
31,5
34,507
34,506
34,497
34,496
34,495
34,494
34,493
34,492
34,491
34,487
34,483
34,482
34,481
34,480
34,479
34,473
34,505
34,504
34,503
34,502
34,501
34,500
34,499
34,498
34,485
26,5
0,394
0,393
0,392
0,391
0,390
0,389
0,374
0,387
0,386
0,385
0,439
0,384
0,456
0,353
0,361
0,313
0,312
34,486
0,308
0,358
0,334
0,362
0,352
0,344
0,360
0,339
14,4
0,5
0,343
13,3
0,331
0,378
0,377
0,341
0,376
0,375
0,354
0,363
0,356
0,373
0,372
0,0
0,304
0,57
0,355
0,55
0,370
0,54
0,53
0,337
0,368
0,338
0,367
0,342
35,1562
35,1561
35,1559
35,1558
35,1557
35,1556
35,1555
35,1554
35,1553
35,1552
35,1550
35,1549
35,1546
35,1545
35,1542
35,1541
35,1538
35,1537
35,1551
35,319
35,316
35,315
35,314
35,313
35,310
35,290
35,288
35,281
35,280
35,279
35,278
35,268
35,267
35,263
35,262
35,257
35,250
35,205
35,438
35,437
35,434
35,433
35,418
35,414
35,411
35,410
35,407
35,406
35,402
35,400
35,393
35,389
35,386
35,385
35,1470
35,1469
35,1466
35,1465
35,1462
35,1461
35,1459
35,1458
35,1455
35,1450
35,1444
35,1443
35,1440
35,1439
35,1438
35,1435
35,1431
35,1418
35,1417
35,1413
35,1410
35,1409
35,1408
35,1434
35,510
35,509
35,506
35,505
35,499
35,498
35,494
35,490
35,489
35,493
35,1327
35,2451
35,2467
35,2466
35,2464
35,2448
35,2399
35,2392
35,2387
35,2385
35,2382
35,2379
35,2377
35,2374
35,2369
35,1214
35,1189
35,2365
35,1991
35,1987
35,1988
35,60
35,57
35,62
35,52
35,47
35,44
35,56
0,302
34,474
115,3
60,4
60,3
60,8
62,3
62,4
60,5
78,11
78,7
78,10
78,6
78,9
78,5
78,3
35,2468
35,55
35,4
35,320
35,233
35,197
35,521
35,515
35,85
35,111
35,110
35,82
35,22
35,21
35,20
35,19
35,30
35,29
35,28
35,27
35,17
35,890
36,864
36,863
36,862
36,861
36,860
36,859
36,858
36,857
36,856
36,855
36,854
36,853
36,852
36,851
36,850
36,849
36,848
36,847
36,846
36,845
36,844
36,843
36,842
36,838
36,841
36,840
36,839
36,837
36,836
36,835
36,834
36,833
36,832
36,654
36,653
36,593
36,592
36,591
36,588
36,587
36,586
36,585
36,583
36,505
36,504
36,503
36,499
36,501
36,496
36,495
36,494
36,493
36,492
36,491
36,490
36,488
36,487
36,486
36,484
36,469
36,468
36,467
36,466
36,465
36,464
36,463
36,455
36,454
36,453
36,452
36,451
36,450
36,449
36,512
36,444
36,443
36,442
36,438
36,440
36,439
36,437
36,436
36,435
36,434
36,433
36,432
36,431
36,430
36,429
36,428
36,427
36,426
36,425
36,424
36,423
36,422
36,421
36,420
36,419
36,417
36,416
36,415
36,414
36,413
36,412
36,411
36,410
36,409
36,408
36,407
36,406
36,405
36,404
36,403
36,402
36,398
36,401
36,400
36,391
36,399
36,397
36,396
36,394
36,395
36,393
36,392
36,390
36,387
36,389
36,388
36,386
36,383
36,382
36,125
36,78
36,188
36,254
36,249
36,253
36,251
36,246
36,250
36,248
36,243
36,247
36,245
36,198
36,244
36,226
36,225
36,224
36,208
36,206
36,201
36,200
36,199
36,290
36,287
36,278
36,319
36,318
36,314
36,317
36,316
36,315
36,313
36,310
36,312
36,311
36,385
36,309
36,308
36,307
36,306
36,305
36,304
36,303
36,302
36,301
36,300
36,299
36,298
36,297
36,296
36,295
36,294
36,293
36,292
36,291
36,326
36,213
36,181
36,168
36,157
36,153
36,146
36,140
36,134
36,130
36,129
36,100
36,94
36,81
36,69
0,333
36,289
36,288
36,286
36,285
36,284
36,283
36,282
36,281
36,280
36,279
36,277
36,276
36,275
36,274
36,273
36,272
36,271
36,265
